   1.338    1.000    1.000    0.846    1.008    1.613   -1.342
   0.586    1.000    1.000   -1.976   -0.119    0.192    0.503
   0.594    1.000    1.000   -0.467    0.539   -1.504    0.820
  -0.440    1.000    1.000    0.534   -1.476   -0.454    0.519
   0.077    1.000    1.000    1.775   -1.687    0.224   -0.585
   0.556    1.000    1.000   -1.448    0.885   -0.578    0.376
   0.169    1.000    1.000   -0.531   -0.552    0.801    0.088
   0.255    1.000    1.000   -0.037   -0.846   -1.257   -0.397
  -0.136    0.000    1.000    0.275   -0.582   -0.135    0.375
   0.923    1.000    1.000    0.169    0.005   -0.015   -1.492
   1.114    1.000    1.000   -1.062    1.496    0.839    1.160
   0.199    1.000    1.000    0.841    0.018   -2.225    0.197
   1.326    1.000    1.000   -0.311    1.932   -2.021    1.725
   1.771    1.000    1.000    3.126    1.447    0.574   -0.704
  -0.368    0.000    1.000   -0.624   -0.013   -0.055    0.542
   1.273    1.000    1.000   -0.545    1.696   -0.160   -0.961
   0.352    1.000    1.000    0.042   -0.377   -0.602    0.305
   0.318    0.000    1.000    1.302    0.930    0.275    2.102
   1.191    1.000    1.000    1.176    0.589   -0.788    0.418
   0.930    1.000    1.000    0.602    0.271    0.484   -0.035
   0.742    1.000    1.000   -0.119    0.118   -0.096    0.088
   1.170    1.000    1.000   -0.431    1.667   -1.162    1.279
   0.387    1.000    1.000    0.757   -0.019   -2.101    0.035
  -0.138    0.000    1.000   -0.884    0.244    0.732    0.837
  -0.338    1.000    1.000   -0.306   -1.832    0.700   -0.146
   0.310    0.000    1.000   -1.735   -1.415    0.026    0.564
   0.975    1.000    1.000    1.064   -0.164    1.997    0.228
   1.065    1.000    1.000   -0.573    1.087   -1.680   -0.577
   0.904    1.000    1.000    1.222    0.797   -1.286    1.177
   0.304    0.000    1.000   -0.816    0.014   -0.739    0.844
   0.323    1.000    1.000    0.866   -0.661   -0.436    0.320
   0.063    1.000    1.000    0.676    0.160   -1.470    0.473
   1.173    1.000    1.000    0.292    0.564   -0.359   -0.458
   0.492    1.000    1.000   -0.905    0.098   -1.375   -0.081
   1.591    1.000    1.000    0.636    2.443   -0.527   -1.169
   1.315    1.000    1.000   -0.596    1.739   -0.018    0.651
  -0.231    0.000    1.000    0.028   -2.189   -2.340    2.967
   0.220    0.000    1.000    1.798   -1.123   -0.768   -0.947
  -0.709    1.000    1.000   -0.431   -1.830   -1.583   -0.595
   0.996    1.000    1.000    1.108    1.419   -0.547   -0.223
  -0.382    1.000    1.000   -0.188   -0.070    0.752    0.029
  -0.261    1.000    1.000   -2.068   -1.299   -0.949    0.624
   1.091    1.000    1.000    1.585   -0.054    0.022   -0.532
   0.832    1.000    1.000    1.592    0.002   -2.176   -0.568
   0.398    1.000    1.000    0.258    0.291    0.459    1.251
   1.659    1.000    1.000   -0.609    1.343   -0.420    0.313
   0.037    0.000    1.000   -0.365   -1.419   -0.130    2.372
   0.300    0.000    1.000   -0.539   -0.317    1.314   -0.652
   1.043    1.000    1.000   -0.704    2.013    0.580   -0.020
  -0.259    0.000    1.000   -0.479   -2.258    1.087    0.694
  -0.136    0.000    1.000    0.356   -0.319   -0.250    0.038
   0.608    1.000    1.000    0.017    0.683   -0.860    0.526
   0.617    1.000    1.000    0.540   -1.172   -2.040   -0.083
   0.240    0.000    1.000   -0.846    0.446    1.023    3.928
   1.190    1.000    1.000    0.285    0.976   -0.651   -0.998
   1.037    1.000    1.000    1.577   -0.370   -0.432   -0.193
   0.588    1.000    1.000   -0.184    0.516   -1.881    0.648
   0.317    1.000    1.000    0.046   -1.003    1.810   -0.925
   0.642    1.000    1.000    0.022    0.153   -1.780   -1.186
   0.217    1.000    1.000   -1.363   -0.316   -0.316   -0.932
   0.077    1.000    1.000   -1.304    0.210    0.854   -0.679
   0.887    1.000    1.000   -1.101    1.271    0.246   -0.577
   0.473    1.000    1.000   -2.711    1.227   -1.757    0.381
   0.832    0.000    1.000    0.764    0.351    1.420    0.292
   1.496    1.000    1.000   -0.542    2.131    0.084   -0.218
   0.978    1.000    1.000    1.698    0.154   -0.121   -0.592
   0.528    1.000    1.000    1.292   -0.262    0.651   -1.065
  -0.016    0.000    1.000   -0.694    1.102    2.353    0.381
  -0.504    1.000    1.000   -0.518   -0.626    0.101   -0.256
   1.264    1.000    1.000   -0.393    0.708    1.096   -0.144
   1.685    1.000    1.000    0.137    1.793   -1.221    0.958
  -0.257    1.000    1.000    0.909   -1.378   -2.082   -0.270
   0.708    1.000    1.000   -1.069    0.860   -0.909    1.043
   0.074    1.000    1.000   -1.147    0.278   -1.246    0.943
   0.911    1.000    1.000    0.467    0.465    0.429    1.533
   0.043    1.000    1.000   -0.069   -0.660   -1.622    1.276
   1.099    1.000    1.000    0.554    1.171   -0.078   -1.940
  -0.052    0.000    1.000    0.908   -0.501    0.415    0.772
  -0.030    0.000    1.000    0.132    0.428    0.543    1.780
   1.035    1.000    1.000   -0.697    1.251    0.322    0.085
  -0.247    1.000    1.000   -0.671    0.204    1.322   -0.166
   1.821    1.000    1.000   -0.720    1.008   -1.508   -0.379
  -0.353    1.000    1.000    0.066   -0.999    0.648    2.040
   0.473    1.000    1.000    0.558    0.403    0.286    0.522
  -0.653    1.000    1.000   -0.686   -1.406    0.270   -0.064
  -0.690    0.000    1.000   -1.685   -2.573    0.105    0.648
   0.225    1.000    1.000    1.304   -0.556    1.062    0.376
   1.232    1.000    1.000    0.828    0.681    1.197   -0.373
   0.585    0.000    1.000    0.754    0.407    0.345   -0.135
   0.453    1.000    1.000   -1.204    0.331    0.550   -0.652
   0.406    1.000    1.000   -0.957    0.185   -1.533    0.645
  -0.462    0.000    1.000   -0.534   -0.796    0.203    0.881
   0.777    1.000    1.000    0.138    0.482    0.280   -0.236
   0.480    1.000    1.000   -0.352    0.452   -0.580   -0.574
   0.051    1.000    1.000   -0.670    0.625    0.380   -0.166
   0.562    1.000    1.000    1.520   -0.358    0.821   -1.134
   1.161    1.000    1.000    1.010    1.233   -1.856    0.091
   1.509    1.000    1.000   -0.199    2.219   -0.006    0.354
   0.204    1.000    1.000    1.189   -0.278   -0.459    0.774
   0.456    0.000    1.000   -0.268    0.167   -0.583   -0.729
   1.513    1.000    1.000    0.594    1.614   -0.485    0.630
   0.516    1.000    1.000   -1.507    1.466   -0.159   -0.385
   0.426    1.000    1.000   -0.637    0.868    0.767   -0.164
   1.078    1.000    1.000    0.897    1.205    0.800   -0.344
   0.697    1.000    1.000   -0.811    0.182   -0.455   -1.150
   0.568    1.000    1.000   -0.767    0.000   -0.091    0.780
   0.838    1.000    1.000   -0.573    1.222   -0.919    0.581
   0.466    1.000    1.000   -0.552   -0.942   -1.264    0.057
   0.985    1.000    1.000    0.948   -0.144   -1.171   -1.427
   0.061    1.000    1.000    0.037   -1.172    1.256   -0.583
   0.007    0.000    1.000   -1.714   -0.807   -0.303   -0.165
   0.571    1.000    1.000   -0.158    0.053   -1.901   -0.174
  -0.000    1.000    1.000   -0.105   -0.448    0.252    1.282
   0.266    1.000    1.000   -1.069    0.296    0.412   -0.519
   1.555    1.000    1.000    1.193    1.603   -0.326   -0.618
   1.148    1.000    1.000    0.129    2.133    0.602   -1.006
   0.698    1.000    1.000   -0.259    0.006   -0.499   -1.251
   0.089    1.000    1.000   -1.071   -0.259   -0.117   -0.082
  -0.464    0.000    1.000    0.622   -1.599    0.504    0.201
   1.188    1.000    1.000    0.337    1.001   -0.767    0.661
   0.586    1.000    1.000   -0.095    0.646   -0.431   -1.038
   0.018    1.000    1.000   -0.293   -0.476   -0.454    0.518
   0.298    0.000    1.000    0.391    0.716   -2.371    1.771
  -0.218    1.000    1.000   -1.033   -1.556    0.627   -0.220
   1.598    1.000    1.000    1.080    0.907    0.541   -0.757
   0.323    0.000    1.000    0.444    1.289    0.914    0.973
   1.489    1.000    1.000    0.360    2.346   -0.598    2.116
   0.274    1.000    1.000    1.411   -0.497   -1.383    0.268
   0.405    1.000    1.000   -0.174   -0.186    1.084   -2.128
   1.251    1.000    1.000   -0.882    1.359   -0.239    0.594
   0.620    1.000    1.000    0.055    0.405    0.101   -0.782
  -0.115    0.000    1.000   -0.958   -0.884   -0.220    1.060
   0.207    1.000    1.000   -0.359   -0.533   -1.071    0.603
   1.444    1.000    1.000   -1.181    1.026   -0.783    0.540
   0.366    0.000    1.000    0.928   -0.093    0.830    0.350
   0.558    0.000    1.000    0.371    0.888   -0.995    1.237
   0.266    1.000    1.000   -1.161    0.805    0.186   -1.257
   0.251    1.000    1.000   -0.660    0.232    1.446   -0.585
  -0.523    1.000    1.000    1.177   -1.558    0.164    0.180
   0.969    1.000    1.000   -0.913    1.205    1.450    1.103
   0.472    0.000    1.000    0.989    0.430    0.137    1.156
   0.874    1.000    1.000   -1.528    0.912    0.319   -0.041
   0.737    1.000    1.000   -1.200    1.108   -0.313    0.866
  -0.008    1.000    1.000   -0.336    0.228    1.486    0.359
   0.275    1.000    1.000   -2.280    0.476   -0.120    0.050
   0.836    1.000    1.000    1.090    0.535    0.472   -0.509
   0.546    1.000    1.000    1.268   -1.007   -1.755    0.600
   1.319    1.000    1.000    0.453    0.591   -1.395   -1.758
   0.184    1.000    1.000    0.262   -0.665   -2.529    2.726
   0.923    1.000    1.000    1.390    0.248   -0.112    0.558
   0.863    1.000    1.000   -0.215    0.228    1.047    1.149
   0.357    1.000    1.000   -0.543   -0.635    0.286    1.127
   0.226    1.000    1.000   -1.002   -0.031   -0.311    0.957
  -0.116    1.000    1.000   -0.409   -0.042   -1.670    0.996
   1.462    1.000    1.000   -0.645    1.275    0.246    1.427
   0.698    1.000    1.000    0.860   -0.049   -1.040   -0.764
   0.969    1.000    1.000   -0.621    0.651   -0.622    0.033
   0.658    0.000    1.000   -0.004   -0.060    1.656    0.510
   1.570    1.000    1.000    0.923    0.566   -1.390    0.307
   0.614    1.000    1.000    0.679   -0.362    0.873    0.163
  -0.463    1.000    1.000    0.302   -1.249   -0.132   -0.797
  -0.390    1.000    1.000   -2.424   -0.519    0.338   -0.635
   0.491    1.000    1.000   -0.484    0.645    0.716   -1.133
   1.032    1.000    1.000   -2.202    1.300    0.706    0.999
   2.139    1.000    1.000   -0.558    2.243   -0.679    1.837
   0.407    1.000    1.000   -1.855    0.658   -0.748   -0.307
   0.614    1.000    1.000    0.609    0.112    0.219    1.303
  -0.051    0.000    1.000    0.646   -1.192   -0.020    1.421
  -0.277    1.000    1.000   -1.385   -0.259   -0.527    0.232
   1.244    1.000    1.000    0.059    1.692   -0.099   -0.116
   0.871    1.000    1.000   -0.097    1.245   -0.141   -0.550
   0.163    1.000    1.000    0.473   -0.882   -0.107    0.407
  -0.101    1.000    1.000   -0.592   -0.364   -0.142   -0.661
  -0.366    1.000    1.000   -0.288   -1.581   -1.125   -0.027
   0.386    1.000    1.000    0.959   -0.299   -0.141   -0.213
   0.345    1.000    1.000   -1.159   -0.996   -1.150   -0.538
   0.541    1.000    1.000    0.774    0.225   -0.621    0.332
   1.256    1.000    1.000   -0.359    0.900   -0.418   -0.207
   0.529    1.000    1.000   -0.537    0.021    0.607    1.857
   0.342    1.000    1.000    0.867   -0.397   -0.626    0.117
  -0.254    0.000    1.000   -0.403   -0.483    1.072    0.643
   1.310    1.000    1.000   -0.885    1.521    0.294    1.712
  -0.029    1.000    1.000   -0.972   -0.051   -0.491    0.459
   0.401    1.000    1.000    0.827   -0.361   -0.008   -0.207
   0.115    1.000    1.000    0.331   -0.538   -0.949   -0.572
   0.703    1.000    1.000    1.450   -0.693    1.194    0.410
   0.242    1.000    1.000   -0.018   -0.739   -1.287   -0.463
   0.108    1.000    1.000    1.237   -0.725    1.058   -0.207
   1.234    1.000    1.000    0.195   -0.065   -0.217   -0.294
   0.242    1.000    1.000   -0.580   -0.981   -0.008   -1.966
  -0.623    1.000    1.000   -1.682   -1.257   -0.359   -0.361
  -0.214    1.000    1.000   -0.894   -1.003   -0.309    0.546
  -0.002    0.000    1.000   -0.301   -1.170    0.782    1.937
   1.237    1.000    1.000   -0.066    1.026   -1.095   -0.221
  -0.224    0.000    1.000    0.019   -0.762   -0.701   -0.830
   0.428    0.000    1.000    0.149   -1.683    1.306    1.885
   0.794    1.000    1.000    1.601    0.323   -1.794    1.313
   1.566    1.000    1.000    0.660    1.383    0.714   -1.667
   0.038    1.000    1.000    0.321   -1.127    0.170    0.357
   0.357    1.000    1.000    0.012   -0.081    0.038   -1.540
   0.013    1.000    1.000   -0.493   -0.031    0.406   -1.073
  -0.371    1.000    1.000   -1.544   -1.517   -1.515    0.228
   1.793    1.000    1.000    2.037    1.938    1.691    0.751
   0.746    1.000    1.000   -0.032   -0.139    0.608   -0.726
   0.566    1.000    1.000   -1.012    0.232   -0.255   -1.111
   0.444    1.000    1.000   -0.135   -0.644   -0.676    0.243
  -0.264    1.000    1.000   -1.818   -0.461   -0.456   -1.105
  -0.076    0.000    1.000    0.015    0.883    1.244    1.353
  -0.157    0.000    1.000   -0.241   -1.265   -1.855    0.913
   0.059    1.000    1.000   -1.775   -0.547   -0.873    0.752
   0.873    1.000    1.000   -0.430    0.981    0.917    0.089
   1.072    1.000    1.000    0.252    1.439   -0.949    0.175
   0.382    1.000    1.000    0.639    0.261    0.147    1.107
  -0.281    1.000    1.000    0.934   -1.236    1.572    1.297
  -0.000    1.000    1.000    0.325   -0.832    0.235   -1.233
   0.833    1.000    1.000    0.659    0.185    1.501    0.306
   0.721    1.000    1.000    0.185    0.353    0.345   -1.412
  -0.050    1.000    1.000   -0.484   -0.843   -1.659    0.546
   0.700    1.000    1.000    0.287    0.108    0.189    0.332
  -0.997    1.000    1.000    0.495   -2.045   -0.375    0.464
   1.187    1.000    1.000    2.718    1.032   -1.574   -1.588
  -0.699    0.000    1.000   -0.357   -0.563    1.410   -0.660
   0.602    1.000    1.000   -1.053    0.332    0.117    0.397
   0.512    1.000    1.000   -0.579    0.764   -0.565    0.746
  -0.020    1.000    1.000    0.955   -0.055   -0.426    1.043
   0.910    1.000    1.000    0.422   -0.317   -0.409   -0.763
   1.193    1.000    1.000    1.533    0.347   -0.719   -0.370
   1.208    1.000    1.000   -1.331    1.390    1.404    1.783
   0.326    1.000    1.000   -2.973    0.810   -0.221   -0.153
   0.329    1.000    1.000    0.715   -0.543   -0.087   -0.728
   0.424    1.000    1.000   -0.527   -0.169   -0.779   -1.328
   0.486    1.000    1.000   -0.120   -0.081    1.779    0.185
   0.935    1.000    1.000    0.942    0.847    2.310   -0.944
   0.053    1.000    1.000    0.465   -1.099   -0.098   -0.829
  -0.396    0.000    1.000   -0.172   -1.489    1.102    0.190
   0.688    1.000    1.000    0.187   -0.221    0.763    0.271
   0.333    1.000    1.000   -0.221    0.162    0.581    0.950
  -0.044    1.000    1.000   -1.014    0.481   -0.164   -1.051
   1.527    1.000    1.000   -2.006    1.666    0.272    1.061
  -0.338    0.000    1.000    2.528   -1.602    0.796   -0.003
  -0.220    1.000    1.000   -0.886    0.778   -0.972    1.443
   0.925    1.000    1.000   -0.470    0.911    0.965    0.934
   1.827    1.000    1.000    1.642    0.956   -0.590    0.535
  -0.093    0.000    1.000   -0.335   -0.589    1.491    2.133
   0.348    1.000    1.000    0.596    0.022   -2.211    0.891
  -0.326    0.000    1.000   -0.855   -1.280    0.990    1.883
   0.389    0.000    1.000   -1.674   -0.121    1.814    0.229
  -0.178    0.000    1.000    0.224   -1.227    0.722    0.802
   0.436    1.000    1.000    1.383   -0.681    0.259   -0.963
   0.508    1.000    1.000   -0.237    0.040   -1.412   -0.875
   0.058    1.000    1.000   -1.078   -0.406    0.120   -0.713
   0.260    1.000    1.000   -1.360    0.317    1.358    0.368
   0.823    1.000    1.000    0.456    0.718    0.196   -0.769
   0.217    1.000    1.000   -0.245    0.072   -1.217    0.034
  -0.306    1.000    1.000    1.409   -0.775    0.055   -0.037
   0.499    1.000    1.000   -0.067   -0.803   -0.413   -0.612
  -0.436    1.000    1.000   -0.830   -1.403    0.484   -0.157
   0.705    1.000    1.000   -0.105    0.378    0.439   -0.914
  -0.438    1.000    1.000   -0.235   -0.593    1.298   -1.551
  -0.058    0.000    1.000   -1.437   -1.002    0.938    0.502
  -1.070    0.000    1.000    0.853   -2.044    1.993   -0.777
   1.650    1.000    1.000   -0.941    2.059    0.122    0.666
   0.728    1.000    1.000    0.839   -0.458   -0.627   -1.628
  -0.810    0.000    1.000    0.479   -1.769   -0.165    1.389
   1.128    1.000    1.000    0.306    0.583    0.091    0.932
  -0.068    1.000    1.000    0.414   -0.540   -0.672   -0.512
   0.983    1.000    1.000   -0.056   -0.620    0.972   -0.291
   1.504    1.000    1.000   -0.412    2.368    0.106   -0.508
   1.024    1.000    1.000   -1.099    0.419   -0.845    0.064
  -0.281    0.000    1.000    1.213   -0.010    0.260    1.378
  -0.677    1.000    1.000   -1.784   -1.026   -0.958   -1.537
   0.319    0.000    1.000    1.106   -0.617    0.691    3.132
   0.009    1.000    1.000   -1.534   -0.916    1.449    0.704
  -0.550    1.000    1.000   -0.555   -0.991    0.595    0.339
   0.264    1.000    1.000   -1.261   -0.035   -0.193    0.040
   0.859    1.000    1.000   -0.048   -0.310   -0.217    0.491
  -0.273    0.000    1.000   -0.073   -0.432    1.061    0.885
   0.455    1.000    1.000   -0.968    0.765    1.602   -0.998
   0.090    1.000    1.000   -1.091   -0.224    0.411    1.222
   1.538    1.000    1.000    0.289    1.820    0.397   -0.342
   0.355    1.000    1.000   -0.631   -0.203   -0.295   -0.616
   1.674    1.000    1.000    1.052    0.396   -0.286    0.395
   1.217    1.000    1.000    0.465    0.428   -2.027    0.460
   0.410    0.000    1.000   -1.018   -0.490   -1.996    1.127
  -0.218    0.000    1.000    0.760   -1.053    0.192   -0.359
  -0.230    0.000    1.000    0.605   -1.790   -1.474    0.913
   1.311    1.000    1.000    1.886    0.907    0.435   -1.078
   1.662    1.000    1.000    0.192    1.980    0.417    1.584
  -0.365    1.000    1.000   -1.919   -2.010    0.213   -1.088
   1.673    1.000    1.000    1.610    1.360   -1.813   -1.181
   1.237    1.000    1.000    0.320    0.670   -0.483   -0.898
  -0.279    0.000    1.000   -0.104   -1.257    0.514    0.106
  -0.737    1.000    1.000   -0.472   -1.728    1.213   -0.683
   1.164    1.000    1.000   -1.218    2.195   -1.690   -0.353
  -0.287    1.000    1.000   -0.348   -0.541   -0.354   -0.113
   0.494    1.000    1.000   -0.837    0.590   -1.015   -0.604
   1.023    1.000    1.000    0.143    0.910   -0.377   -1.692
   0.392    0.000    1.000    0.425   -0.036    1.551    2.007
   0.639    1.000    1.000   -0.031    0.433    0.768    0.668
   0.003    0.000    1.000   -0.975    0.057    0.806    0.348
  -0.243    0.000    1.000   -0.569   -0.891   -0.304    0.420
   0.255    1.000    1.000   -2.332   -0.202   -0.630    0.415
   0.798    1.000    1.000    1.090   -0.002   -1.936   -1.573
   0.463    1.000    1.000   -1.176   -0.129   -0.409   -0.907
   1.847    1.000    1.000    1.618    1.145   -2.511    0.321
   0.818    1.000    1.000   -0.315    0.362    0.421   -0.073
   0.916    1.000    1.000    0.437   -0.092    0.767   -0.654
   0.773    1.000    1.000    1.330    0.215    1.702   -1.794
   1.343    1.000    1.000    1.863    0.625    3.250    0.439
   0.293    1.000    1.000   -0.554   -0.599    1.228    0.094
   0.297    1.000    1.000   -1.117   -0.486   -0.107   -1.196
  -0.374    0.000    1.000   -0.871   -1.504    2.033    2.238
   0.876    1.000    1.000   -0.215    0.869    0.303   -0.498
   1.043    1.000    1.000    1.905    0.059    0.461   -0.424
   0.691    1.000    1.000   -1.149    0.771   -1.081    1.689
   1.024    1.000    1.000    0.712    0.972   -0.801   -0.188
  -0.754    0.000    1.000   -0.292   -1.379    1.136    2.356
   0.214    1.000    1.000    0.849   -0.785    0.258    0.739
   0.214    1.000    1.000   -2.183    0.435   -1.659    1.179
   0.079    1.000    1.000   -0.065   -0.244   -0.888   -0.652
   1.083    1.000    1.000    1.216    0.539   -0.839   -0.617
   0.172    0.000    1.000    0.719   -0.762    1.036   -0.368
  -0.906    0.000    1.000   -1.598   -1.465   -0.557    0.748
   0.554    0.000    1.000    2.442   -0.697    0.348    2.411
   1.252    1.000    1.000    1.149    0.594    1.474   -2.505
  -0.028    1.000    1.000   -0.623   -1.429   -0.327   -0.332
   0.045    1.000    1.000    0.340   -1.005    0.040    0.713
   0.913    1.000    1.000    0.756   -0.152    0.655   -1.028
   0.464    1.000    1.000    1.035   -0.368   -0.850   -0.118
  -0.030    1.000    1.000   -0.271    0.014    0.219   -0.430
   0.563    1.000    1.000   -0.352   -0.303   -0.077    0.458
   1.061    1.000    1.000    1.472    0.765   -0.160    1.536
  -0.229    0.000    1.000   -0.191   -1.393    0.895    0.495
   1.500    1.000    1.000    0.295    1.160   -0.431    0.176
   1.749    1.000    1.000    1.637    2.833    0.705   -0.322
   0.264    1.000    1.000   -1.454   -0.293   -0.943    1.042
  -0.362    0.000    1.000    0.572   -1.052   -0.551    0.075
   0.825    1.000    1.000    0.943   -0.098   -1.042   -0.808
   1.384    1.000    1.000   -0.026    1.391    0.743   -1.196
   0.903    1.000    1.000   -1.005    1.464    0.420   -1.417
   0.716    1.000    1.000    0.467    0.305   -0.602   -0.392
  -0.645    0.000    1.000   -0.275   -0.582    0.634    1.412
  -0.372    0.000    1.000   -1.373   -0.895    0.566    1.267
   1.963    1.000    1.000    0.138    2.320   -2.639   -0.914
   0.984    1.000    1.000    1.075    1.039   -0.128   -0.618
   0.181    1.000    1.000   -0.235    0.380    0.444    0.146
   1.739    1.000    1.000   -0.052    2.732    0.631    1.821
  -0.166    0.000    1.000   -0.067   -0.006   -0.630    2.801
   0.453    1.000    1.000    0.115   -0.100    0.297   -1.025
   0.856    1.000    1.000    2.495   -0.318    0.239   -1.185
   0.315    0.000    1.000   -0.128   -0.323   -0.801    1.820
  -0.228    1.000    1.000   -0.349   -0.924    0.500    0.828
   0.170    0.000    1.000    0.792    0.202   -0.587    1.756
   0.524    1.000    1.000    0.062    0.219   -0.721   -0.287
   0.131    1.000    1.000    1.367   -0.826   -1.387    0.239
   1.223    1.000    1.000    0.642    0.979    0.245    0.454
   0.411    1.000    1.000    1.117   -0.554   -1.350   -1.022
   0.872    1.000    1.000    0.743    0.288    0.149   -0.681
   1.602    1.000    1.000    0.367    1.273   -0.120   -0.775
  -0.220    1.000    1.000   -0.067   -0.262    0.838   -0.804
   0.433    1.000    1.000    0.675   -0.229   -0.474   -0.817
  -0.473    0.000    1.000   -1.549   -1.237    1.030    0.545
   0.458    1.000    1.000   -0.804    0.759   -1.049   -1.985
   0.553    1.000    1.000    0.316   -0.718    0.388   -0.867
   0.325    1.000    1.000    1.850   -0.712   -0.274   -0.107
   0.955    1.000    1.000    1.252    0.406   -1.055    0.315
  -0.078    1.000    1.000    1.144   -1.304   -0.628    1.537
   0.657    1.000    1.000   -0.320   -1.541   -1.363   -0.361
   0.783    1.000    1.000   -0.280    1.367    2.002   -1.036
   0.147    0.000    1.000    0.052   -0.794    1.220    1.116
   0.192    1.000    1.000   -0.396   -0.214    0.471    0.095
  -0.168    1.000    1.000   -0.129   -1.403   -1.728   -1.194
   0.223    1.000    1.000    0.034   -0.103   -0.109   -1.073
   0.590    1.000    1.000   -0.981    0.340   -0.538   -0.215
  -0.029    1.000    1.000   -0.841   -0.246   -1.185    1.172
  -0.185    1.000    1.000   -1.214   -0.843   -2.112   -1.431
   0.042    1.000    1.000   -0.910    0.901   -0.887    1.074
  -0.175    0.000    1.000    0.855    0.108    0.224    0.160
   0.991    1.000    1.000   -0.194    0.402   -0.850    0.649
   0.924    1.000    1.000    0.943    0.617    0.588    0.068
  -0.019    1.000    1.000   -1.408   -0.872    0.047   -0.284
  -1.197    0.000    1.000   -1.116   -2.492    0.561   -0.648
   1.638    1.000    1.000    1.969    1.693    0.197    0.667
   0.226    1.000    1.000    1.276   -0.918   -0.841   -0.625
   1.343    1.000    1.000    0.653    0.751    0.857   -0.129
   0.673    1.000    1.000    0.514    0.149    0.812    0.008
   0.492    1.000    1.000    0.025    1.585   -1.575   -0.651
  -0.867    0.000    1.000   -0.920   -1.568   -1.030    0.480
  -0.236    1.000    1.000   -1.248   -1.116   -0.038   -0.116
   0.569    1.000    1.000    0.573    0.450   -0.649   -0.059
  -0.151    1.000    1.000   -0.236   -1.647   -0.528   -1.410
  -0.152    0.000    1.000   -0.536   -0.025    0.499    0.517
  -0.003    1.000    1.000   -0.578   -1.070    0.151   -0.279
   0.400    1.000    1.000   -1.712    0.444    0.423    0.856
   0.855    1.000    1.000   -0.496    0.369    3.554   -1.054
   0.273    1.000    1.000   -1.064    0.325    1.182   -1.194
   0.165    1.000    1.000   -0.115   -0.144   -0.308   -1.371
   0.214    0.000    1.000    0.487   -0.386    0.019   -0.077
   0.519    0.000    1.000   -0.235   -0.954   -0.251   -0.099
   1.390    1.000    1.000   -0.182    1.413    1.458    0.572
   0.501    0.000    1.000    1.614   -0.042    1.951    2.914
   0.905    1.000    1.000    0.746    1.672   -0.999   -1.153
  -0.599    1.000    1.000   -0.254   -2.113   -0.051   -2.122
   0.544    1.000    1.000   -0.924    0.712   -2.226    0.921
   0.445    1.000    1.000    1.342    0.197   -0.602    0.297
   0.779    1.000    1.000   -0.623    0.501    0.754   -1.581
   1.032    1.000    1.000    0.195    0.678    0.270    0.428
  -0.467    0.000    1.000    0.116   -0.303    2.855    1.169
  -1.168    1.000    1.000   -0.500   -2.408    0.548   -0.395
   0.093    1.000    1.000   -1.849    0.092    0.964   -0.799
   0.354    1.000    1.000   -0.373   -0.684    1.333    0.958
   0.220    1.000    1.000   -0.922   -0.086    0.349    1.081
   0.172    1.000    1.000   -0.456    0.001   -1.687    1.982
   0.230    1.000    1.000    0.047   -1.058   -0.207   -1.002
   1.342    1.000    1.000    2.182    0.112   -1.381    0.433
   0.451    1.000    1.000   -0.809   -0.121   -1.572   -0.789
   0.914    1.000    1.000   -2.329    1.515    0.096    1.240
   1.569    1.000    1.000    0.772    1.328    1.802   -1.714
  -0.508    0.000    1.000   -0.199   -1.192    1.252   -0.694
  -0.102    0.000    1.000   -0.220   -1.641   -1.225    1.396
   0.721    1.000    1.000   -0.651    0.561    1.673   -1.328
   0.498    1.000    1.000   -0.122    0.456    1.282   -0.582
   0.806    1.000    1.000    0.084    0.474   -0.852   -0.394
   0.667    1.000    1.000    0.710    0.223    1.488    1.118
   0.865    1.000    1.000   -2.052    0.814    0.896    1.151
   1.172    1.000    1.000   -0.493    1.756   -0.286   -1.111
  -0.214    1.000    1.000   -0.756   -1.645    0.443   -0.481
  -1.029    0.000    1.000   -1.883   -0.788    1.152    0.955
   0.756    0.000    1.000    1.511   -0.104    0.964   -0.141
   0.260    1.000    1.000    0.679   -0.040   -0.470    1.230
   0.104    1.000    1.000   -0.765   -0.430   -0.653    0.589
   1.243    1.000    1.000    0.079    0.660    1.180   -1.251
  -0.372    0.000    1.000   -1.914   -0.171    0.567    0.152
   0.857    1.000    1.000    0.871    0.777    0.638   -0.213
   0.382    1.000    1.000    1.616    0.255   -1.605    0.700
  -1.750    1.000    1.000   -1.056   -2.891   -0.006   -1.179
   0.643    1.000    1.000    1.110   -0.227    0.043   -0.105
   0.298    0.000    1.000    0.621    0.198    0.874    0.853
   0.553    1.000    1.000   -0.213    0.363    1.640   -0.367
   0.302    1.000    1.000   -0.374    0.197   -0.902   -0.027
   1.569    1.000    1.000    0.115    2.262    0.616   -0.871
  -0.371    1.000    1.000   -0.527   -0.672    0.758   -0.486
   0.851    1.000    1.000    0.099    0.906    0.374    0.278
   1.154    1.000    1.000    0.782   -0.009   -0.950   -2.462
   0.753    1.000    1.000   -1.301    0.868    0.640   -0.781
   1.624    1.000    1.000    0.440    0.976   -0.258    0.017
  -0.240    1.000    1.000   -1.521   -0.754    0.909    0.090
   0.563    1.000    1.000   -1.044   -0.294   -1.210   -0.675
  -0.078    1.000    1.000   -0.175   -0.445   -0.041    0.737
   0.472    1.000    1.000   -0.256   -0.255   -0.856    0.687
  -0.029    1.000    1.000   -2.211    0.142   -0.797   -1.622
   1.175    1.000    1.000    0.359    1.433    0.187   -0.118
   0.567    1.000    1.000   -0.375    1.570    0.284    0.495
   0.557    1.000    1.000    1.439   -0.532   -1.925    0.817
   1.187    1.000    1.000    1.547    0.876    1.322    0.417
  -0.009    0.000    1.000    1.078   -1.937    0.782    1.585
   1.341    1.000    1.000    1.377    0.728   -0.215   -1.383
   0.158    1.000    1.000   -1.796    0.293    0.894   -0.736
   0.534    1.000    1.000   -1.266    2.023   -0.854    2.437
   0.485    1.000    1.000   -1.791    0.280   -0.891    0.001
   0.604    1.000    1.000    0.197   -0.032   -1.214    0.264
   1.429    1.000    1.000   -0.786    0.968   -2.060    1.663
  -0.549    0.000    1.000   -0.108   -1.623   -1.565    0.167
   0.640    1.000    1.000    0.001    0.895   -0.516    1.637
   0.632    1.000    1.000    0.189   -0.446   -0.460   -0.599
  -0.836    1.000    1.000   -0.396   -0.441    0.895   -1.146
  -0.633    0.000    1.000   -1.818   -1.639    1.254    1.127
   0.591    1.000    1.000   -1.634    0.330   -0.155   -1.742
  -0.450    1.000    1.000    0.679   -1.396   -0.955   -0.365
   0.467    1.000    1.000    0.743   -0.603    0.255   -0.232
   1.225    1.000    1.000   -0.245    1.739    0.744   -1.597
   0.500    1.000    1.000    1.261   -1.566    0.117   -0.645
   0.659    1.000    1.000    1.540   -0.169   -0.495   -0.761
   0.331    1.000    1.000   -1.785   -1.248   -0.042   -1.231
   1.566    1.000    1.000    1.259    0.940    0.001    1.340
   0.003    0.000    1.000   -1.067   -0.382   -0.741    0.489
   0.351    0.000    1.000    1.311   -0.949    0.402    0.158
  -0.114    1.000    1.000    0.046   -1.711   -0.329    0.112
   1.436    1.000    1.000   -1.346    2.123    0.023    2.232
  -0.137    1.000    1.000   -1.104   -0.677    0.596    0.747
   1.987    1.000    1.000    1.565    1.599   -1.111   -0.973
  -0.360    1.000    1.000   -1.118   -0.922   -1.645    1.024
  -0.110    1.000    1.000   -0.991    0.542   -0.721    0.156
   0.175    1.000    1.000    1.153   -0.736    0.273   -2.007
  -0.085    0.000    1.000   -1.768   -0.515    0.754    0.105
  -0.082    0.000    1.000   -1.343   -2.234    0.635    0.062
  -0.506    0.000    1.000   -0.072   -0.839   -0.356    0.310
   0.857    1.000    1.000   -1.998    1.464    1.563   -0.261
   1.065    1.000    1.000    0.921    0.778   -0.382    1.435
   0.168    1.000    1.000    0.117   -1.026    0.422   -0.982
   0.118    1.000    1.000   -2.157    1.157    0.684   -0.056
   0.360    0.000    1.000    1.312   -0.539    0.773    0.854
   0.536    1.000    1.000   -0.141    0.267    0.103    0.265
  -0.485    0.000    1.000   -1.064   -1.543   -1.135    1.386
   0.289    1.000    1.000   -0.717   -0.339    0.689   -0.567
   1.365    1.000    1.000    0.761    1.423   -0.137   -0.097
   0.594    1.000    1.000    0.846    0.106    0.631    0.516
   0.473    1.000    1.000   -0.440    0.432    0.988    0.942
   0.010    1.000    1.000   -0.054   -0.141    0.849    0.886
  -0.316    0.000    1.000   -0.991   -0.123    1.037    1.753
   1.545    1.000    1.000   -0.358    2.192    0.374   -0.601
  -0.321    1.000    1.000   -0.721    0.146    1.560    1.261
  -0.093    1.000    1.000   -0.916   -0.699   -0.594    1.073
  -0.071    1.000    1.000   -0.289   -1.344   -0.787    0.642
  -0.019    0.000    1.000   -0.013   -0.362   -0.029    1.958
   1.324    1.000    1.000   -1.162    1.464   -0.436   -0.894
   0.871    1.000    1.000    1.390    0.322    0.911    0.414
   1.500    1.000    1.000    0.480    1.499    0.483    0.065
   0.044    0.000    1.000    0.254   -0.928   -0.077    0.882
  -0.500    1.000    1.000   -0.529   -1.111   -1.706    0.121
   0.232    0.000    1.000    1.906   -1.754   -0.430    0.367
  -0.176    1.000    1.000   -0.267   -1.134    0.292   -0.203
   1.455    1.000    1.000   -0.445    1.623    0.714   -0.406
  -0.231    1.000    1.000    1.269   -0.725   -1.423    0.558
   2.017    1.000    1.000    1.684    2.562    0.093   -0.386
  -0.293    1.000    1.000   -0.731   -1.609    0.190   -0.070
   0.839    0.000    1.000    1.412    0.295   -0.650   -0.616
   0.006    1.000    1.000   -0.718   -0.857    0.778   -0.267
   0.958    1.000    1.000   -1.303    0.866    0.444   -1.072
  -0.121    1.000    1.000   -0.552   -1.396   -0.571    0.338
  -1.139    1.000    1.000   -0.513   -1.898    0.933    0.146
   0.460    1.000    1.000    0.308    0.374    1.199   -2.241
   1.703    1.000    1.000    1.492    2.223    0.174    0.907
   0.048    0.000    1.000    0.944   -0.636    0.239   -0.011
  -0.263    1.000    1.000   -0.452   -0.148   -0.450   -0.240
   0.580    1.000    1.000    0.505   -0.381   -0.074    0.136
   1.253    1.000    1.000   -0.191    1.330    0.457   -0.960
  -0.115    0.000    1.000    0.137   -0.685   -0.905    0.838
   0.461    1.000    1.000   -0.133   -0.512   -0.934    0.512
   0.182    1.000    1.000    0.020   -0.425    0.212   -0.746
   0.147    1.000    1.000   -0.575   -0.123    0.742   -0.091
  -1.065    1.000    1.000   -1.423   -1.487   -0.373   -1.671
   0.981    1.000    1.000    0.344    0.289    0.486   -0.180
   0.246    1.000    1.000    0.024   -0.022    0.135   -1.016
   0.928    1.000    1.000   -1.327    1.066    0.498    0.011
  -0.082    1.000    1.000   -1.060   -0.717    0.684   -1.292
  -0.108    1.000    1.000   -0.567   -0.735    0.676   -0.922
   0.206    1.000    1.000   -0.399   -1.137   -1.164   -0.318
   1.270    1.000    1.000   -0.110   -0.992   -1.499   -0.044
   0.627    0.000    1.000    1.282   -1.600   -1.916    0.723
   0.926    1.000    1.000   -1.335    0.778   -0.237   -0.920
   1.302    1.000    1.000    1.118    0.679    0.287    0.069
  -0.686    0.000    1.000   -1.367   -0.971   -1.435    1.217
   0.086    1.000    1.000    0.824   -1.026   -1.537   -1.207
   1.264    1.000    1.000   -0.931    1.272   -0.570    0.396
   0.524    1.000    1.000    1.555   -0.143    0.523   -1.451
   0.658    1.000    1.000    0.443   -0.461    0.208   -0.788
  -0.059    0.000    1.000    0.121   -0.647    0.152    0.816
  -0.290    0.000    1.000   -0.904   -1.593   -0.441    0.334
  -0.213    1.000    1.000    0.952   -1.337   -0.034   -0.945
   0.688    1.000    1.000   -1.069    0.092    0.686   -1.092
   0.062    1.000    1.000   -1.280   -0.031   -1.466   -0.334
   0.566    1.000    1.000    0.099   -0.343   -1.884    1.187
   1.471    1.000    1.000   -0.720    1.668   -0.946    1.724
   0.468    1.000    1.000   -1.400    0.204    0.994    1.522
   0.667    1.000    1.000   -1.560    0.563   -1.167   -0.441
   1.748    1.000    1.000    0.971    1.018    0.083   -0.243
   0.751    1.000    1.000   -1.621    0.385    0.147   -1.290
   0.958    1.000    1.000   -0.545    0.814   -0.588    0.889
   1.187    1.000    1.000    0.175    1.022    1.603   -0.016
   0.805    1.000    1.000    0.069    0.596    1.915    0.122
   0.090    0.000    1.000    0.778   -1.651    0.157    1.276
   1.321    1.000    1.000   -0.014    1.177    0.405   -0.133
   0.612    1.000    1.000   -0.759    0.818   -0.497   -0.367
   0.631    1.000    1.000    0.385    0.728   -0.123   -0.757
   0.841    1.000    1.000   -0.526    1.484   -0.091   -0.995
   0.141    0.000    1.000    0.548    0.709   -0.273    3.081
   0.154    0.000    1.000    0.568    1.239    1.251    2.427
   0.169    0.000    1.000    1.941   -0.871    0.274    2.190
   0.969    1.000    1.000    0.520   -0.562   -0.781   -1.246
   1.266    1.000    1.000   -0.379    1.523   -0.209   -0.816
  -0.637    1.000    1.000   -1.533   -1.386    0.160   -0.391
   0.711    1.000    1.000    1.331   -0.187    0.270    0.223
   0.040    1.000    1.000    0.068   -0.957    0.202   -0.150
   0.383    1.000    1.000   -0.593   -0.267    0.215    0.924
   0.327    1.000    1.000   -0.389   -0.258   -0.588   -0.439
   0.981    1.000    1.000    0.976    1.165   -0.571   -0.327
   0.745    1.000    1.000    0.443   -0.087    0.498   -1.081
   0.982    0.000    1.000    0.840   -0.291   -0.487    0.990
   0.807    1.000    1.000    0.996   -0.211    0.036   -0.252
   1.368    1.000    1.000    2.639    1.106   -1.550   -0.919
   0.598    1.000    1.000    0.369   -0.494   -0.672    0.099
  -0.365    1.000    1.000   -0.987   -1.069   -3.127   -0.453
   0.941    1.000    1.000    1.122    0.505   -0.341   -1.945
   1.167    1.000    1.000   -0.221    1.718    0.265    0.639
   0.887    1.000    1.000    1.234    1.254    0.342    0.226
  -0.162    1.000    1.000   -0.853   -0.684   -1.366   -0.398
   1.577    1.000    1.000    0.487    1.342    0.310    0.039
   0.990    1.000    1.000    1.226    0.136    0.152   -0.587
   0.573    1.000    1.000    0.099    0.164   -1.311    0.589
   0.534    1.000    1.000    0.214    0.455   -1.380    0.153
   0.505    1.000    1.000   -1.400    0.220   -0.171   -1.776
   1.878    1.000    1.000    0.705    2.884    0.198    0.581
   0.193    1.000    1.000   -1.398    0.449   -2.553    0.761
   1.441    1.000    1.000   -1.001    0.824    1.055    0.188
   0.014    0.000    1.000   -1.144    0.861    1.741    1.552
   0.950    0.000    1.000    0.427    0.952    1.012    0.583
   0.702    1.000    1.000   -0.590    1.126    2.051    0.765
   0.642    1.000    1.000    0.488   -0.965   -0.461   -0.362
   0.014    1.000    1.000    1.045   -1.763    0.373   -0.817
   1.033    1.000    1.000    0.973    0.725   -0.815   -0.473
   0.683    1.000    1.000    1.170   -0.610   -0.553   -1.313
   0.937    1.000    1.000   -0.542    0.955   -0.801    0.072
   0.082    1.000    1.000   -0.276   -0.584    0.280   -0.168
   1.317    1.000    1.000   -0.361    0.994   -0.001   -0.059
   0.232    1.000    1.000   -1.221   -0.162    0.897   -1.281
  -0.370    0.000    1.000    0.008    0.189    0.559   -0.372
   0.176    0.000    1.000    0.304   -1.834    1.748   -0.084
  -0.311    0.000    1.000    1.580   -0.187   -0.070    1.462
   0.829    1.000    1.000   -0.388    0.387   -0.117    0.276
  -0.384    1.000    1.000    0.379   -0.559    0.801   -0.786
   1.306    1.000    1.000    0.121    1.456    1.235   -0.123
   0.134    0.000    1.000    1.273   -1.326    0.118    3.242
  -0.214    1.000    1.000   -0.991   -0.184    0.321   -0.900
   0.014    1.000    1.000    0.923   -1.525   -1.597    1.902
   1.123    1.000    1.000   -0.882    0.776   -0.666   -0.186
   0.495    1.000    1.000    0.173    0.108   -1.185    1.335
   0.269    0.000    1.000   -0.800   -0.722   -0.048    1.331
   1.133    1.000    1.000   -0.719    0.910   -0.234   -0.787
   0.875    1.000    1.000    1.196    0.138    0.850    2.154
   0.792    1.000    1.000    0.663   -0.683   -0.177    0.905
   0.374    1.000    1.000    0.060   -0.710   -0.502   -0.488
   0.096    1.000    1.000    0.301   -0.205    0.548    1.189
   0.824    0.000    1.000   -0.352    0.684    1.653    0.862
   0.255    1.000    1.000   -0.173   -0.911   -0.814    0.152
   0.315    1.000    1.000   -0.970   -0.454    0.131   -0.157
  -0.221    1.000    1.000    1.038   -1.091    0.084    1.004
  -0.123    1.000    1.000   -1.540   -0.604   -0.818    0.156
   0.196    0.000    1.000    1.196   -1.646    1.095    0.700
   1.086    1.000    1.000   -0.086    1.632    0.067    0.621
  -0.613    0.000    1.000   -0.438   -3.582   -0.464   -0.217
   1.494    1.000    1.000    0.857    0.770   -0.191    1.034
   0.290    1.000    1.000    1.544   -0.800   -0.477   -0.816
   0.283    1.000    1.000   -0.527   -1.142    0.396   -0.107
  -0.542    1.000    1.000   -1.168   -0.786    1.221   -0.085
  -1.517    1.000    1.000   -0.744   -2.355   -0.541    0.056
   0.211    1.000    1.000   -0.844   -0.522   -0.153    0.289
   0.492    1.000    1.000    1.699   -1.045   -0.293   -0.541
  -0.477    0.000    1.000   -0.097   -1.453    0.598    1.257
   0.712    1.000    1.000   -0.198   -0.409   -0.477   -1.308
  -0.172    1.000    1.000   -2.493    0.400    0.198    0.258
  -0.283    1.000    1.000   -1.488   -0.976   -0.401    1.007
   0.797    1.000    1.000    0.411    0.063   -0.155   -1.083
   1.019    1.000    1.000   -0.247    0.296    0.312   -1.385
  -0.246    0.000    1.000    0.884   -0.745    0.549    1.334
  -0.301    0.000    1.000    0.356   -2.051    1.364   -1.483
  -0.503    1.000    1.000   -1.396   -1.022   -1.715    0.823
   2.648    1.000    1.000    0.545    2.752    0.821   -0.086
   1.804    1.000    1.000    0.590    2.321   -0.516    0.230
   1.074    1.000    1.000   -0.385   -0.012    0.110    0.096
   1.884    1.000    1.000    1.464    2.115   -0.963   -0.415
  -0.699    0.000    1.000   -1.125   -1.185    0.422    1.807
   0.953    1.000    1.000    0.614   -0.027    0.573   -0.261
   0.382    1.000    1.000   -2.890    1.287    0.982    1.017
   0.730    1.000    1.000   -0.197   -1.393    0.214   -0.704
   0.326    1.000    1.000    0.428    0.197    0.763    0.489
   0.162    1.000    1.000   -0.713   -1.495   -1.053   -0.026
   0.535    1.000    1.000    0.999    0.403    1.592   -1.011
   0.591    1.000    1.000   -1.153   -0.470    0.364   -0.260
   0.012    0.000    1.000   -0.438    0.023    0.323    1.006
   0.119    1.000    1.000    0.692    0.170    0.133   -0.063
   0.636    1.000    1.000   -0.013    0.067   -1.777    0.222
   1.034    1.000    1.000   -0.103    0.786   -0.798    1.222
   0.271    1.000    1.000    1.446   -0.602    0.225    0.367
   1.321    1.000    1.000    1.058    0.800   -1.226   -1.070
   0.496    1.000    1.000   -1.900    0.703    0.450   -0.739
   0.306    1.000    1.000    1.088   -0.535    0.641    2.697
   0.313    1.000    1.000   -0.393    1.004   -0.364   -0.772
   0.660    1.000    1.000    0.343    1.405   -0.009   -0.214
   1.181    1.000    1.000   -1.250    1.610   -1.307   -1.666
  -0.374    0.000    1.000   -0.136   -2.350   -0.269   -0.246
  -0.279    1.000    1.000   -0.181   -1.217   -2.431    0.685
   0.362    1.000    1.000   -0.649   -0.524    1.978   -0.624
   0.053    0.000    1.000    0.798   -0.904    1.236    0.614
  -0.856    0.000    1.000    0.134   -2.200    1.206    0.482
  -0.257    1.000    1.000    0.282   -1.801    1.679   -0.955
  -0.207    1.000    1.000   -1.883   -0.882    0.834   -1.818
  -0.554    0.000    1.000    0.869   -1.899   -0.351    0.548
  -0.643    1.000    1.000   -0.570   -1.454   -1.112    1.439
   0.795    1.000    1.000    0.844    0.773    0.814    1.363
  -0.108    0.000    1.000   -0.377   -0.790    0.520   -0.456
   0.201    1.000    1.000    0.154   -0.156    1.228   -0.416
   0.108    1.000    1.000    0.386    0.408    2.065   -1.538
  -0.041    0.000    1.000   -1.461   -0.397    2.120    0.698
   0.167    1.000    1.000   -0.836   -0.480   -1.455   -0.882
   1.246    1.000    1.000    0.858    0.651    1.503    0.674
   0.468    1.000    1.000    2.380   -0.422    0.943   -1.012
   1.115    1.000    1.000   -0.527    1.128    0.538    0.634
  -0.236    1.000    1.000    0.647   -0.828   -0.065    0.341
  -0.532    1.000    1.000   -2.488   -1.107   -0.039   -0.514
   0.753    1.000    1.000   -1.377    0.580    1.927    0.033
   0.129    1.000    1.000   -1.074   -0.122   -0.908   -0.072
   0.777    1.000    1.000    1.186    0.544    2.379    0.011
   0.238    1.000    1.000   -0.246   -0.157   -0.742   -0.463
   0.328    1.000    1.000    0.320   -0.534    0.131    0.694
   1.797    1.000    1.000   -0.209    1.920   -2.857   -1.758
   0.593    0.000    1.000   -1.565    1.099    2.385    1.953
   1.512    1.000    1.000    1.513    0.986    0.316    0.835
  -0.614    0.000    1.000    0.135   -1.015    0.254    0.748
   0.561    1.000    1.000    1.044   -0.024    1.157    0.389
   0.442    1.000    1.000    1.795   -0.120    0.412   -1.197
   0.657    1.000    1.000    0.817   -0.203    0.837    0.191
   0.558    0.000    1.000    1.076   -0.200   -0.102    0.600
   1.240    1.000    1.000    0.047    1.318    0.566    0.436
   0.693    1.000    1.000   -1.577    1.153    0.078   -0.748
   1.363    1.000    1.000    1.559    1.101    1.651   -0.785
  -0.226    1.000    1.000   -1.029   -1.387    1.166    0.493
   0.382    1.000    1.000    0.326   -0.046   -0.653    0.524
   0.573    1.000    1.000   -0.020    1.099   -0.025   -0.799
  -0.014    1.000    1.000   -0.005   -0.312    0.757    1.917
   0.897    1.000    1.000    0.943   -1.008    0.023   -1.374
   0.019    1.000    1.000   -0.151   -0.444   -1.354    1.289
   0.263    1.000    1.000    0.606   -0.505    1.171    0.034
  -0.473    1.000    1.000    0.728   -2.040   -0.280   -1.230
   0.220    1.000    1.000   -0.440   -0.558    0.383    0.986
   0.091    0.000    1.000   -1.275    0.614    1.390    1.588
  -0.035    1.000    1.000   -1.756    0.355    0.343   -0.186
   1.081    1.000    1.000    1.484    0.761   -1.607   -1.969
   1.383    1.000    1.000    0.194    1.330    1.042   -0.557
   0.206    0.000    1.000    0.511    0.422    0.979    1.556
   0.072    1.000    1.000    0.320   -1.490   -0.917    0.195
   0.471    0.000    1.000    1.462   -0.544    0.770    0.989
   0.117    0.000    1.000    0.152    1.128   -0.284    0.778
   0.249    1.000    1.000   -0.636   -0.255   -1.134    1.199
   0.610    1.000    1.000    0.376   -0.218   -0.032    0.228
   0.350    1.000    1.000   -1.095    0.822   -0.276   -0.172
   1.604    1.000    1.000   -0.298    1.203    1.213   -0.057
   0.218    1.000    1.000   -2.002   -0.029    0.543   -0.815
   1.231    1.000    1.000    0.818    0.805    0.311   -0.287
   0.974    1.000    1.000   -1.159    0.471   -0.272    0.063
  -0.179    0.000    1.000    0.228    0.819   -0.616   -0.096
   1.162    1.000    1.000   -0.688    0.675   -0.252   -0.379
   0.086    1.000    1.000    0.205    0.038   -0.252    1.583
   0.637    1.000    1.000   -1.072    0.463   -0.627    0.537
   0.878    1.000    1.000    0.095    0.873    1.196   -1.471
  -0.187    0.000    1.000    0.543   -0.515    0.839    1.531
   0.033    1.000    1.000    0.445   -0.240   -0.390   -1.225
   1.183    1.000    1.000   -0.432    1.116   -0.716   -0.296
   0.802    1.000    1.000    0.307    0.574   -1.087    0.128
   1.187    1.000    1.000    0.566    1.269    0.665    0.312
   0.728    1.000    1.000    0.522   -0.030    0.389    0.742
   1.198    1.000    1.000   -0.840    2.361    0.135   -2.792
  -0.289    1.000    1.000   -0.034   -1.212    0.232   -0.725
   0.657    1.000    1.000   -0.389    0.658   -0.277    0.347
   1.433    1.000    1.000    0.985    1.479   -0.010   -0.907
   0.079    1.000    1.000   -0.831   -0.138    0.541    0.457
   0.418    1.000    1.000   -0.483    0.688    1.739   -0.989
   0.035    1.000    1.000    0.494   -0.614   -0.119   -0.278
   0.598    1.000    1.000   -0.988   -0.091    0.191    0.513
  -0.022    1.000    1.000   -1.022    0.534   -0.997   -0.637
   1.011    1.000    1.000    0.818    0.832   -0.260    0.075
   0.485    1.000    1.000    0.229    0.096   -0.861    0.108
  -0.116    1.000    1.000   -0.664   -0.630   -0.493   -0.281
   0.449    0.000    1.000   -0.346    1.118    1.607   -0.209
   0.562    0.000    1.000    0.410   -0.264    1.125    0.213
   1.013    1.000    1.000    1.128    0.557   -0.634   -1.443
   0.917    1.000    1.000   -0.642    0.235    0.505    0.498
   0.347    1.000    1.000    0.597   -0.803   -0.464    0.226
   0.525    0.000    1.000    1.201   -0.001    0.871    1.299
   0.627    1.000    1.000    1.102   -0.501   -0.272   -1.438
   1.797    1.000    1.000   -0.021    1.773    1.000    0.018
   0.999    1.000    1.000    0.223    0.171   -1.780    0.344
  -0.401    1.000    1.000    0.412   -1.302   -0.091    0.450
  -0.464    1.000    1.000   -1.294   -0.392    1.462   -0.167
   0.074    0.000    1.000    0.659   -0.849    0.366    0.379
   1.970    1.000    1.000   -0.086    2.338   -0.466    0.556
   0.510    0.000    1.000    1.075    0.349    0.405    2.509
   0.755    1.000    1.000   -1.903    0.716    0.377   -0.418
   0.020    0.000    1.000   -0.446    0.888   -0.779   -0.092
   1.002    1.000    1.000    0.673    0.402    1.071    0.033
   1.754    1.000    1.000    0.401    1.948   -1.026    0.417
   0.299    1.000    1.000   -0.139    0.191   -0.336   -1.064
   0.168    1.000    1.000   -0.477    0.458    0.383   -0.571
   0.142    0.000    1.000   -0.457   -0.839    0.795    0.053
   1.322    1.000    1.000    0.162    1.286    1.289    0.940
   0.184    0.000    1.000   -0.336   -0.512    1.223    1.329
   0.376    1.000    1.000   -0.535   -0.645   -0.123   -0.361
  -0.695    1.000    1.000   -0.679   -0.941    1.319   -1.750
   0.714    1.000    1.000    1.050    0.487    1.454   -2.315
   0.484    1.000    1.000    0.698    0.038   -1.965   -1.465
   0.344    1.000    1.000    0.081   -0.003    2.010   -0.592
   0.664    1.000    1.000    1.565   -0.014   -1.421    0.448
   0.354    1.000    1.000   -1.189    0.459   -0.027   -0.575
   0.437    1.000    1.000    0.911   -0.355    0.722    1.388
   0.974    1.000    1.000    0.809    0.719    0.383   -1.203
   0.167    1.000    1.000    0.335    0.047   -0.468    0.090
   1.278    1.000    1.000   -0.988    1.876   -0.784    0.368
   0.620    1.000    1.000   -1.295    1.265   -0.683    0.400
  -0.190    1.000    1.000   -0.532   -0.118   -0.379   -0.198
   0.728    1.000    1.000    2.189   -0.578   -0.565   -0.507
  -0.503    0.000    1.000    1.275   -1.612   -0.653   -0.120
  -0.480    1.000    1.000   -0.866   -0.882    0.651   -0.490
   0.309    1.000    1.000    0.420   -0.573   -0.404    1.200
   0.376    1.000    1.000   -0.330    0.625    1.332   -1.199
   0.118    1.000    1.000    0.391    0.122   -0.381    0.427
   0.051    0.000    1.000   -1.040   -0.653    0.103    0.521
   0.946    1.000    1.000    1.903    0.639    1.293   -0.815
   0.353    0.000    1.000    2.582   -0.457   -0.267    3.771
   0.727    1.000    1.000   -1.607    0.137   -1.115    0.965
   0.638    1.000    1.000    0.908   -0.578    0.339   -0.802
  -0.320    0.000    1.000   -0.320    0.174    0.086    0.840
  -0.026    1.000    1.000    0.792   -0.460   -1.144   -0.760
   0.616    1.000    1.000    0.539    0.938   -2.291   -0.756
   1.778    1.000    1.000   -0.034    1.763    2.472   -0.182
   0.745    1.000    1.000   -0.032    0.118   -1.472   -0.089
   1.551    1.000    1.000    0.622    1.934   -0.018   -0.035
   0.685    1.000    1.000    0.167    0.084    0.421   -0.810
   1.061    1.000    1.000    1.402    0.805    1.158   -0.601
   0.326    1.000    1.000   -0.468   -0.136   -0.600   -0.557
  -0.694    1.000    1.000    0.888   -1.627    1.732   -1.220
   1.168    1.000    1.000    0.180   -0.152    1.032    0.749
  -0.427    0.000    1.000   -0.187   -2.315    1.402   -0.833
   0.426    1.000    1.000    0.431   -0.115   -0.823    0.587
  -0.676    0.000    1.000   -0.133   -2.028    0.511   -0.259
   1.225    1.000    1.000   -1.217    1.586   -1.001    0.326
   0.257    1.000    1.000    0.068   -0.889   -1.680   -0.520
  -0.488    0.000    1.000   -1.690   -0.033    1.212    0.898
   0.535    0.000    1.000    0.821    1.547    0.708    1.833
   0.550    1.000    1.000    0.968   -0.049    0.747   -0.677
   1.699    1.000    1.000    0.079    1.440   -0.283    0.525
   0.123    1.000    1.000    0.695    0.596    0.063   -0.322
   1.112    1.000    1.000   -0.065    1.072   -0.943   -1.914
   0.685    0.000    1.000    1.287   -0.253   -0.668    0.338
   0.033    1.000    1.000   -0.480   -0.211    0.283    0.520
   1.263    1.000    1.000    0.926    1.052   -0.684   -0.037
   0.511    1.000    1.000   -1.364    0.804   -1.139   -0.300
  -0.249    0.000    1.000   -0.475   -0.525    0.668   -0.830
   0.136    1.000    1.000   -1.286    0.585   -0.594   -0.566
  -0.059    0.000    1.000   -0.099   -0.933   -1.119   -0.267
   1.305    1.000    1.000    2.007    0.110   -0.682   -0.485
   0.798    1.000    1.000    1.539   -0.066   -0.562    0.546
  -0.066    0.000    1.000   -0.431   -0.792    0.579    0.257
  -0.937    0.000    1.000   -0.431   -2.323    2.038    0.410
   0.830    1.000    1.000    1.123    1.846    1.434    0.616
   1.186    1.000    1.000    1.346    0.653   -0.859   -2.369
   1.160    1.000    1.000    1.329    1.059   -1.207   -1.918
  -0.099    1.000    1.000   -0.274   -0.501    0.556    0.466
   1.562    1.000    1.000   -0.437    1.234    0.496    1.327
   1.030    1.000    1.000   -0.420    0.651   -0.905    0.459
  -0.115    1.000    1.000   -0.361   -1.456   -0.400   -1.294
  -0.115    1.000    1.000    1.622   -1.268   -0.039   -0.244
  -0.741    1.000    1.000   -1.154   -1.135    1.359   -1.005
   0.944    1.000    1.000    0.554    0.348    0.104   -0.107
   1.131    1.000    1.000    0.534    0.664    0.240    0.160
   0.321    1.000    1.000   -0.480    0.318   -1.400    3.032
   0.972    1.000    1.000   -1.154    1.400   -1.817    2.234
   0.863    1.000    1.000    1.196   -0.521   -1.333   -1.160
   0.634    1.000    1.000    0.674    0.313    1.087    0.484
   1.344    1.000    1.000    0.342    1.057   -0.804    1.006
   0.645    1.000    1.000    0.828    0.125    0.104    1.159
   0.454    1.000    1.000   -1.195    0.878    1.306   -1.561
   0.824    1.000    1.000   -0.642    0.802   -1.822   -1.412
   0.842    1.000    1.000   -0.711    0.701   -1.568   -1.635
   0.372    0.000    1.000    0.142    0.358   -0.363   -0.266
  -0.717    0.000    1.000   -3.098   -3.155   -0.887    1.378
   1.087    1.000    1.000   -0.369    1.305   -0.473    0.220
   1.571    1.000    1.000    1.011    1.701    0.032    0.982
   0.399    1.000    1.000   -1.399    1.286   -1.097    0.686
   0.243    1.000    1.000   -1.153    0.148   -1.426    0.338
   1.585    1.000    1.000    0.898    0.535   -0.064   -0.003
   1.000    1.000    1.000    0.123   -0.210   -1.050   -0.436
   0.938    1.000    1.000   -0.075   -0.033    0.645    0.225
   0.637    1.000    1.000   -0.628    1.059    0.438   -0.897
   0.331    1.000    1.000   -0.382   -0.455    1.195   -0.641
   1.279    1.000    1.000    0.551    0.832    0.146   -0.771
  -0.937    0.000    1.000    0.939   -2.367    1.251    0.900
   0.169    0.000    1.000    0.554    0.016   -0.221    0.539
  -0.017    1.000    1.000   -1.407   -1.416    0.234   -0.883
   0.587    1.000    1.000    0.666    0.104   -1.426    0.538
   0.181    0.000    1.000   -0.543   -0.036   -1.816    1.905
   0.414    1.000    1.000    1.305   -0.587    0.229    0.291
   0.581    1.000    1.000   -0.972    0.462    2.429   -0.410
   0.519    1.000    1.000   -0.198   -0.169    0.625    1.356
   0.194    1.000    1.000   -1.762    0.351   -1.509   -0.101
  -0.701    1.000    1.000   -2.713   -0.417   -1.287   -0.485
   1.001    1.000    1.000    1.317    0.036   -0.036   -0.116
  -0.081    0.000    1.000    0.714    0.407   -0.493    0.795
   1.316    1.000    1.000    1.708    0.132    0.067    0.313
   0.921    1.000    1.000    0.356    0.386   -0.247   -1.432
   0.599    1.000    1.000    0.670    0.880   -1.101    0.505
   0.476    1.000    1.000    0.192    0.398   -1.824   -1.235
   0.781    1.000    1.000    1.606    0.229   -0.370    0.456
   0.801    1.000    1.000   -0.741    1.250    1.206   -0.938
   0.313    1.000    1.000   -0.742    0.438   -0.783   -0.686
   1.661    1.000    1.000    1.257    0.854   -0.684   -0.682
  -0.434    1.000    1.000   -0.600   -0.848   -1.537    0.225
   0.207    1.000    1.000    1.675   -0.424   -0.368   -0.485
   1.534    1.000    1.000    2.451    0.738   -0.739    0.035
  -0.785    1.000    1.000   -1.194   -1.579    1.146   -0.790
   0.537    1.000    1.000   -0.164   -0.327   -0.842    0.084
   0.878    1.000    1.000   -0.096    0.915    0.061   -0.976
   1.251    1.000    1.000   -0.060    0.642    0.341   -0.475
   0.823    1.000    1.000    2.214   -0.703   -0.727   -1.312
   0.755    1.000    1.000    0.041    1.154    1.545   -1.693
   0.759    1.000    1.000   -1.772    0.560    1.241   -0.802
   0.537    1.000    1.000   -2.482    1.384   -0.134   -0.357
  -0.202    0.000    1.000   -0.904   -1.224    0.981    0.025
  -0.471    1.000    1.000   -0.018   -0.882    0.613   -0.148
  -0.035    0.000    1.000    1.391   -0.490    1.064    1.728
   0.169    1.000    1.000   -0.259   -1.260   -0.314   -1.766
  -0.409    1.000    1.000   -0.310   -0.755   -0.896   -1.269
   0.024    1.000    1.000    0.348   -0.724   -0.045   -0.123
   0.943    1.000    1.000    0.560    0.162   -1.644   -0.695
   0.021    1.000    1.000   -1.273   -0.201   -0.192    1.472
   0.257    1.000    1.000    0.536   -0.907   -1.294    0.499
   1.368    1.000    1.000    0.762    2.005   -0.499    1.368
  -0.052    1.000    1.000   -0.064   -0.046    0.714   -0.566
  -0.133    1.000    1.000    0.227   -0.515   -0.991    0.527
   0.082    0.000    1.000   -0.502   -0.167    1.560    2.453
  -0.236    0.000    1.000   -0.965    0.394   -1.195    1.813
   0.017    1.000    1.000    0.866   -0.712   -0.439   -0.074
   1.612    1.000    1.000   -0.166    1.279    0.605   -0.047
  -0.115    1.000    1.000   -2.605   -0.463    0.870    0.953
  -0.266    0.000    1.000    0.279   -2.769    1.658    1.732
   1.940    1.000    1.000    1.068    2.129   -0.169   -2.099
  -0.059    1.000    1.000   -0.979   -0.632    0.968   -0.077
  -0.159    0.000    1.000    0.427   -0.080   -0.454    0.482
   0.757    1.000    1.000    0.448    0.166   -1.745   -0.258
   0.977    1.000    1.000    0.001    1.159    0.149    0.356
   0.909    1.000    1.000    0.644   -0.298   -1.414   -0.179
  -0.839    0.000    1.000   -1.527   -1.800    0.277   -0.536
  -0.157    0.000    1.000   -0.634   -0.347    0.442    2.109
  -0.438    0.000    1.000   -1.641   -1.260    1.933   -0.806
   0.216    1.000    1.000    0.005   -0.288   -0.691    1.099
   0.240    1.000    1.000   -2.135   -0.587   -0.151   -0.048
   0.526    1.000    1.000   -1.282    1.216   -0.900    0.193
   0.842    1.000    1.000    1.365    0.202    0.613    0.379
   1.029    1.000    1.000    0.566    1.679   -0.304    1.896
  -0.400    1.000    1.000   -1.596   -0.850    0.325    1.484
   1.092    1.000    1.000    0.516   -0.258   -0.086   -0.791
  -0.065    1.000    1.000   -0.270   -0.153   -1.575   -0.473
   1.576    1.000    1.000    1.118    2.298   -0.133    1.349
  -0.530    0.000    1.000    1.137   -1.300   -1.515    2.062
   0.145    1.000    1.000   -0.540   -1.495   -0.765    0.423
   0.464    1.000    1.000    0.129   -0.721    0.438    1.129
   0.030    1.000    1.000   -0.538    0.018   -1.239    0.032
   0.950    1.000    1.000   -0.711    1.344    1.819    0.118
   1.514    1.000    1.000    0.526    1.642    0.418   -0.779
   0.896    1.000    1.000   -1.105    0.118   -0.019   -1.033
   0.779    1.000    1.000    1.914    0.713   -1.077   -0.269
   0.670    1.000    1.000    0.250   -0.064    1.007    0.203
   1.007    1.000    1.000    0.915    1.126   -1.406    1.634
   0.320    1.000    1.000   -1.659    1.184   -2.258   -0.310
   1.638    1.000    1.000    0.610    0.980   -0.157    1.083
   0.962    1.000    1.000    1.038   -0.141   -0.600    1.038
   0.243    1.000    1.000   -2.201    0.509    1.936    0.832
   1.611    1.000    1.000    0.149    1.202   -0.930    0.038
  -0.618    0.000    1.000    1.451   -1.224    0.832    1.050
  -0.174    0.000    1.000    0.940   -0.713    0.866   -0.280
   0.721    1.000    1.000   -0.512    0.589    0.609   -1.213
   0.819    1.000    1.000   -0.042    0.618    0.925    0.423
   0.479    1.000    1.000    1.488   -0.613    0.618   -1.368
  -0.245    1.000    1.000    0.620   -1.672   -0.764   -1.401
   0.614    1.000    1.000    0.674   -0.108    0.046    1.910
   0.436    1.000    1.000    0.227    0.465    1.244    0.658
   0.220    0.000    1.000    2.163    0.405   -0.303    1.138
   0.818    1.000    1.000    1.253    0.188    1.841    0.522
  -0.717    0.000    1.000   -0.308   -1.875   -0.026    0.060
   0.879    1.000    1.000    0.868    1.112    0.359   -1.319
   0.729    1.000    1.000   -0.982    0.926   -0.796   -0.425
  -0.275    0.000    1.000    0.312   -1.313   -0.629   -0.184
   0.555    1.000    1.000   -0.942    0.227   -1.560    0.580
  -0.824    1.000    1.000   -0.835   -2.585   -1.265   -1.802
   1.012    1.000    1.000    0.444    1.360    1.666    0.606
   0.200    1.000    1.000    1.402   -0.677   -1.232   -0.932
   0.139    1.000    1.000    0.972    0.139   -0.176    0.853
   0.260    1.000    1.000    0.559    0.072    1.998   -0.633
   0.944    1.000    1.000   -0.796    0.296   -2.222    0.996
   0.280    1.000    1.000    0.557    0.177    1.180   -1.027
  -0.135    0.000    1.000    0.775   -0.226    2.583    1.156
   1.484    1.000    1.000    0.062    1.091   -1.115   -0.515
   0.082    0.000    1.000    1.382    0.243   -1.827    1.359
  -0.026    1.000    1.000   -0.081   -0.925    0.340   -0.995
   0.601    1.000    1.000   -1.703    1.302    0.754   -0.439
   0.448    1.000    1.000   -0.591    0.400   -1.734    0.541
  -0.535    0.000    1.000    0.158    0.300    0.525    0.663
   0.568    1.000    1.000   -0.880    0.046    0.812   -0.845
   1.030    1.000    1.000   -0.114    0.529   -2.225    1.886
   0.347    1.000    1.000    0.649   -0.124   -1.453    0.396
   1.317    1.000    1.000   -0.866    2.148   -1.708   -0.702
   1.378    1.000    1.000    1.547    0.851    1.838    0.652
  -0.078    1.000    1.000   -0.745   -1.128    0.294   -0.655
   0.555    0.000    1.000    0.779   -0.388    0.488    0.967
  -0.438    0.000    1.000   -0.298   -0.658   -1.285    0.494
  -0.276    0.000    1.000   -1.885   -0.694   -0.349    2.440
   0.281    1.000    1.000   -1.489   -0.353    0.025    0.474
   1.058    1.000    1.000    0.966    1.296   -0.611    0.895
   0.647    1.000    1.000   -0.929    0.354    1.387   -1.274
  -0.301    1.000    1.000   -0.732   -1.314    0.607   -0.197
   0.663    1.000    1.000   -0.308    0.476   -1.522   -0.058
   0.229    1.000    1.000   -0.958    0.211   -0.323   -0.247
   0.310    0.000    1.000    0.173   -0.375   -1.246   -0.126
   0.511    1.000    1.000   -0.022    0.385   -0.795    0.617
  -0.426    1.000    1.000    0.594   -1.640   -1.600    0.737
  -0.126    1.000    1.000    0.378   -1.414    0.649   -0.171
  -0.007    1.000    1.000   -0.941    0.761    1.276    0.313
   1.213    1.000    1.000    0.731    1.238   -0.478    0.292
   0.981    1.000    1.000   -0.889    0.943   -0.241    0.466
   0.964    1.000    1.000    0.004    0.892    0.937    0.078
   1.219    1.000    1.000   -0.692    1.644    0.332    2.089
  -0.634    1.000    1.000   -0.155   -1.618   -1.199   -0.499
   0.999    1.000    1.000   -0.328    0.485    0.527    0.751
   1.108    1.000    1.000    0.094    0.561    1.490   -0.013
   0.406    1.000    1.000   -1.376   -0.708    0.431   -2.525
   0.697    1.000    1.000    0.809   -0.152   -0.699    0.191
   0.884    1.000    1.000   -0.531    0.825    0.414   -0.074
   0.573    1.000    1.000   -0.707    0.269    0.733   -1.340
  -0.017    1.000    1.000    0.564   -1.675   -0.468   -1.615
   0.249    1.000    1.000   -0.610   -0.315    0.292   -0.667
   0.569    1.000    1.000    0.380    0.598    1.021   -0.889
